91 91 
105683646 605067081 691135177 298625085 9405392 692218201 566695252 546476837 888742562 636706869 8355872 127639706 83232744 456120475 987587482 539527333 685955437 255393919 959223431 509942721 462772879 482190214 893534847 327148384 402308798 477655436 536875629 187426406 681497088 452076318 99089681 386265516 651944304 522098689 627665790 936108158 936198586 755827113 698718620 89876766 684470177 624745411 600877223 551375167 321138810 120742059 217361326 564633738 143586478 5457910 306298901 879398684 970659900 490233578 688684051 969373190 814027572 95376129 893929781 782039500 202517053 529099882 286043865 42622695 56600848 736382600 978533044 746947651 757816058 291628657 678669133 487467969 772507486 104550768 791110271 231135414 507588657 583813507 830843899 735138410 957350012 772739037 224743363 793514651 685739742 74003301 823654576 784621559 218707464 419645750 339165422 
32 77
8 23
31 44
90 91
51 79
1 62
5 10
42 82
50 66
28 79
30 84
24 34
37 61
2 82
63 89
8 62
13 30
45 88
25 87
26 55
17 44
53 60
15 31
46 76
16 85
3 14
5 63
15 60
65 80
20 70
49 73
28 75
37 57
45 71
1 91
50 69
49 53
13 61
5 48
13 49
9 34
13 66
54 60
63 79
37 73
13 42
1 53
58 91
6 43
26 59
4 7
29 76
38 74
19 66
4 90
26 53
39 57
28 80
9 76
68 76
21 77
14 90
59 72
37 45
50 58
13 42
20 31
16 49
14 22
23 37
61 90
25 33
2 23
23 45
33 55
8 57
25 67
38 62
1 74
2 51
18 65
59 67
5 55
14 68
52 57
18 41
4 47
76 84
42 51
6 81
13 26
